9
14
19
39
5
30
8
49
76
60
58
37
90
86
24
53
65
105
154
12
127
110
43
152
98
21
11
244
147
92
276
17
170
83
199
267
25
159
131
271
322
57
177
169
167
193
157
140
116
305
144
45
31
341
265
40
287
36
284
95
56
168
419
42
230
122
543
329
32
129
280
238
401
94
182
135
77
387
405
392
171
431
618
268
589
487
100
242
536
89
757
28
226
299
302
458
424
300
3978
203
390
227
399
342
106
163
892
318
149
805
213
811
379
139
252
206
488
158
121
66
101
197
974
584
385
255
395
148
822
815
491
650
153
1368
239
648
373
84
202
123
447
499
409
464
241
363
686
218
55
1027
685
212
80
534
296
522
774
860
937
881
72
151
33
462
871
526
481
829
641
737
376
502
551
63
450
1184
919
141
183
1018
874
744
676
876
1212
97
799
909
639
920
865
982
452
585
421
826
1077
537
856
1024
890
162
893
323
1375
943
134
112
307
510
1201
200
279
214
13
1351
1014
1474
885
124
592
879
235
1095
906
836
859
109
118
706
420
348
761
1369
257
748
1009
616
1130
525
955
1719
382
1151
624
160
1498
807
281
1482
842
1252
1155
209
612
143
461
1595
1398
593
111
156
266
1334
290
755
103
490
1142
1091
113
1798
828
769
962
1702
108
195
868
102
839
1185
198
932
1170
672
2596
751
1156
1332
1236
207
181
1458
928
674
1671
1040
1648
630
1626
50
1677
1609
449
1583
1388
772
1750
1346
698
328
941
862
681
2053
1550
606
1310
292
1238
1129
333
644
361
858
1093
938
578
1585
872
1374
1320
1855
254
312
372
1539
2187
370
1613
997
1113
2078
326
1376
1301
738
844
145
1015
516
2143
788
325
1465
607
1755
579
917
1430
970
104
350
501
1425
1260
763
1577
1412
1923
2180
1914
340
309
1919
174
1096
620
496
1682
508
1593
562
1055
1419
1590
1120
314
730
1761
1706
956
1336
1358
963
474
1352
456
1972
1510
1248
677
234
1444
215
765
2536
442
422
196
1632
1461
1311
1548
1449
729
1833
954
463
175
999
643
130
2492
2311
1448
273
1232
2233
437
2432
414
944
1065
582
1652
528
1451
563
2211
1180
1227
2689
1806
1857
2260
1759
1492
288
2314
444
485
942
1168
1262
99
1050
2425
1584
1564
1877
476
355
2803
1480
191
1422
2614
1283
599
1179
1433
1344
1111
2595
164
2132
1479
403
1525
1171
451
2465
1499
1035
1204
1424
389
2379
2909
725
1742
1325
2605
520
1635
2214
178
1247
5
11
12
13
8
28
17
33
25
21
31
85
115
192
32
42
71
36
72
45
63
132
43
142
40
24
30
114
126
55
103
231
137
261
50
53
84
113
228
108
99
218
216
101
204
106
112
89
210
143
80
174
57
186
223
175
95
77
123
364
56
362
388
102
145
304
158
111
3978
247
109
375
241
219
394
83
66
617
393
183
119
321
58
97
548
455
513
234
310
98
104
178
195
293
258
100
501
167
441
254
141
337
65
149
340
343
169
139
443
400
251
229
306
334
151
347
518
597
37
180
191
425
264
397
279
211
550
292
689
205
164
398
622
408
328
297
635
416
212
163
478
160
253
116
157
610
376
182
721
429
377
605
406
9
903
124
168
768
326
202
833
515
573
472
465
342
162
156
273
140
121
131
348
346
404
60
820
581
280
430
549
92
486
368
668
474
360
240
127
556
679
94
290
415
602
263
450
353
754
570
698
314
129
215
729
522
512
642
269
529
386
564
703
187
476
266
451
86
604
238
565
483
414
672
196
588
848
461
118
426
619
968
873
707
454
531
209
505
669
611
354
198
1169
882
749
558
745
653
1079
503
181
1040
412
506
1415
678
256
355
585
1357
371
762
985
712
159
660
235
466
135
148
683
1343
302
490
697
1084
1193
716
1385
869
323
227
1437
197
153
1604
312
122
652
828
390
523
1176
288
575
286
1072
658
382
758
1314
590
587
438
837
350
631
539
410
927
1110
380
193
459
497
817
956
516
439
339
852
200
996
897
1001
1103
677
634
771
940
750
514
214
559
1285
553
220
1639
1157
281
546
785
1462
213
724
177
134
496
807
1092
1061
528
858
383
756
1060
806
629
1028
1209
1428
1300
711
1121
1235
489
1436
1281
369
1382
1306
265
607
872
170
460
1153
964
307
1037
598
324
766
361
1547
1435
901
980
1804
449
130
710
300
488
900
1100
1654
902
1220
309
1277
913
1089
832
662
359
626
435
1047
387
296
779
442
1766
1542
673
245
816
287
532
944
105
537
1042
299
171
1984
700
384
739
403
14
370
1011
1088
1799
764
951
706
468
1706
1266
1119
257
1345
723
1637
1304
984
687
835
880
1394
494
1570
742
1013
783
1404
664
1057
1125
1391
424
670
525
349
1794
1291
863
1945
1980
467
995
1778
949
957
226
1016
690
1309
1073
203
318
239
547
773
810
1796
830
627
1195
580
1050
1070
2099
1224
1770
1254
986